sales
| id | product\_id | customer\_id | sale\_date | quantity | price |
| -- | ----------- | ------------ | ---------- | -------- | ----- |
| 1  | 101         | 201          | 2024-01-05 | 2        | 300   |
| 2  | 102         | 202          | 2024-01-07 | 1        | 500   |
| 3  | 101         | 203          | 2024-02-01 | 3        | 300   |
| 4  | 103         | 204          | 2024-02-10 | 2        | 200   |
| 5  | 102         | 202          | 2024-03-02 | 1        | 500   |
| 6  | 104         | 205          | 2024-03-20 | 1        | 700   |
| 7  | 101         | 201          | 2024-04-15 | 1        | 300   |
| 8  | 105         | 206          | 2024-04-25 | 2        | 400   |
| 9  | 103         | 207          | 2024-05-01 | 1        | 200   |
| 10 | 104         | 208          | 2024-05-10 | 2        | 700   |
| 11 | 101         | 208          | 2024-05-12 | 1        | 300   |
| 12 | 105         | 202          | 2024-05-15 | 1        | 400   |
